[Documentation]
information1 = This file stores the OID assignments for resources defined in this IG.
information2 = It must be added to git and committed when resources are added or their id is changed
information3 = You should not generally need to edit this file, but if you do:
information4 =  (a) you can change the id of a resource (left side) if you change it's actual id in your source, to maintain OID consistency
information5 =  (b) you can change the oid of the resource to an OID you assign manually. If you really know what you're doing with OIDs
information6 = There is never a reason to edit anything else

[Key]
CodeSystem = 4
ValueSet = 5
StructureDefinition = 15
CapabilityStatement = 1

[CodeSystem]
C4DICExtendedContactTypeCS = 2.16.840.1.113883.4.642.40.9.16.1
C4DICExtendedCopayTypeCS = 2.16.840.1.113883.4.642.40.9.16.2
C4DICExtendedCoverageClassCS = 2.16.840.1.113883.4.642.40.9.16.3
C4DICIdentifierType = 2.16.840.1.113883.4.642.40.9.16.4

[ValueSet]
C4DICContactTypeVS = 2.16.840.1.113883.4.642.40.9.48.1
C4DICCopayTypeVS = 2.16.840.1.113883.4.642.40.9.48.2
C4DICCoverageClassVS = 2.16.840.1.113883.4.642.40.9.48.3
C4DICCoverageIdentifierType = 2.16.840.1.113883.4.642.40.9.48.4
ISOColorVS = 2.16.840.1.113883.4.642.40.9.48.5

[StructureDefinition]
C4DIC-AdditionalCardInformation-extension = 2.16.840.1.113883.4.642.40.9.42.1
C4DIC-BackgroundColor-extension = 2.16.840.1.113883.4.642.40.9.42.2
C4DIC-Barcode-extension = 2.16.840.1.113883.4.642.40.9.42.3
C4DIC-BeneficiaryCostString-extension = 2.16.840.1.113883.4.642.40.9.42.4
C4DIC-CardIssueDate-extension = 2.16.840.1.113883.4.642.40.9.42.5
C4DIC-ColorPalette-extension = 2.16.840.1.113883.4.642.40.9.42.6
C4DIC-Coverage = 2.16.840.1.113883.4.642.40.9.42.7
C4DIC-ForegroundColor-extension = 2.16.840.1.113883.4.642.40.9.42.8
C4DIC-HighlightColor-extension = 2.16.840.1.113883.4.642.40.9.42.9
C4DIC-Logo-extension = 2.16.840.1.113883.4.642.40.9.42.10
C4DIC-Organization = 2.16.840.1.113883.4.642.40.9.42.11
C4DIC-Patient = 2.16.840.1.113883.4.642.40.9.42.12
C4DIC-PlanBeneficiaries-extension = 2.16.840.1.113883.4.642.40.9.42.13
C4DIC-QRCode-extension = 2.16.840.1.113883.4.642.40.9.42.14
C4DIC-SupportingImage-extension = 2.16.840.1.113883.4.642.40.9.42.15

[CapabilityStatement]
c4dic = 2.16.840.1.113883.4.642.40.9.13.1

